4518538727688174|11|2025|102
4518534833400273|03|2027|397
4518535874713755|01|2025|513
4518536551245236|09|2031|171
4518530016563630|12|2029|657
4518533066237733|02|2031|479
4518532704234201|12|2028|264
4518530086847731|11|2032|349
4518534074084380|05|2027|075
4518536256285776|09|2031|500
4518531522617258|01|2025|074
4518537075141562|05|2030|739
4518534768071404|07|2030|752
4518538804463384|04|2025|391
4518531772881513|03|2030|202
4518533226614722|09|2030|385
4518533561082253|01|2032|145
4518535161506615|05|2024|064
4518536517880241|08|2027|722
4518532035158418|03|2026|331
4518537165065150|10|2031|914
4518531050671883|09|2032|230
4518531388840473|12|2027|432
4518533312674416|01|2029|112
4518534282327365|01|2031|204
4518538534460676|04|2027|616
4518532742843682|02|2027|944
4518535824722203|09|2027|152
4518531325543230|03|2027|851
4518531544135503|03|2029|988
4518538013058165|12|2031|274
4518534254815157|09|2032|592
4518535622081075|06|2030|714
4518532216650134|02|2031|924
4518531120551677|11|2024|811
4518535830653707|11|2032|298
4518531870241511|05|2030|545
4518535815050317|08|2026|227
4518537700165085|12|2025|083
4518533178665144|09|2028|750
4518533503775055|08|2032|505
4518536232816058|01|2024|843
4518535220681268|03|2030|878
4518537354426528|03|2028|718
4518531432355080|09|2032|201
4518534238578475|04|2030|383
4518535102163518|10|2029|491
4518535834348726|07|2029|459
4518537102416136|04|2029|177
4518535082612443|05|2032|190
4518531787427047|01|2024|277
4518538164241032|12|2029|289
4518537544087826|04|2032|589
4518537258145117|07|2031|410
4518536021233085|04|2032|907
4518533142428884|07|2026|279
4518532277803184|09|2029|873
4518534433785610|09|2024|274
4518537812105714|02|2031|675
4518531001525758|02|2025|622
4518537200036745|05|2028|890
4518537076772183|10|2028|350
4518535376533214|11|2031|543
4518538571034558|12|2024|481
4518537240885358|11|2029|888
4518532660270884|12|2026|695
4518536213116072|02|2024|185
4518538285828014|01|2032|495
4518538220251785|07|2028|910
4518535348836372|08|2030|961
4518537238444085|09|2029|902
4518532233651727|12|2024|721
4518535625783750|02|2032|292
4518535044074658|04|2030|843
4518534638221114|06|2031|920
4518530324377723|10|2029|255
4518537605345048|07|2031|499
4518533087037476|03|2025|793
4518538707240111|09|2030|573
4518534584286004|09|2028|572
4518537578317347|03|2024|785
4518537433458377|05|2032|784
4518531816577523|12|2025|162
4518534603613162|05|2025|938
4518531677570336|06|2028|091
4518534616554676|07|2028|480
4518536715848560|11|2026|656
4518530250568386|05|2027|907
4518538518665324|01|2027|154
4518534546762753|02|2029|783
4518534817118073|02|2024|432
4518536331324053|12|2027|543
4518537853550604|03|2026|696
4518534865153188|05|2032|140
4518537480277738|12|2032|276
4518530830758606|04|2028|265
4518531864801668|08|2030|493
4518537264027150|07|2027|788
4518530177073247|07|2032|154
4518530183182057|04|2031|737
4518533256135234|08|2027|237
4518536118203603|10|2027|401
4518531251744265|07|2031|024
4518532343430632|07|2029|747
4518531308084566|02|2029|883
4518537825566761|06|2024|398
4518530060602722|02|2026|428
4518532642107816|10|2028|152
4518537110087044|11|2031|498
4518533448127768|03|2027|798
4518533235811640|08|2029|762
4518538224046462|07|2024|377
4518530335703081|03|2028|774
4518531747284264|12|2028|893
4518535603087208|12|2025|731
4518537471585503|03|2032|169
4518532633508170|04|2030|743
4518532487133737|01|2025|414
4518533781187734|04|2028|219
4518534761683460|05|2032|552
4518538283183172|10|2031|303
4518530336261527|03|2026|407
4518537145887624|01|2025|259
4518538586481026|08|2028|584
4518536087278586|08|2031|995
4518537776170415|08|2027|714
4518530018344484|08|2031|888
4518531673003407|05|2028|999
4518530701736657|06|2025|634
4518538370834851|07|2031|506
4518537252262223|06|2028|688
4518532801370411|01|2027|039
4518532064438400|09|2030|999
4518530501006616|10|2025|243
4518531504340143|10|2030|706
4518535580342741|07|2028|748
4518537566834303|01|2030|141
4518532043602720|06|2031|312
4518536274257682|01|2030|110
4518538545273365|05|2029|429
4518534332831671|02|2032|115
4518538114288000|01|2029|078
4518531338358824|02|2026|773
4518533555255725|10|2029|648
4518532148135584|01|2027|334
4518533211855355|09|2031|797
4518530700878187|11|2032|082
4518534833102028|02|2029|410
4518533405354272|04|2031|983
4518538221453158|08|2027|648
4518537638435154|01|2024|395
4518536305813735|04|2028|350
4518533063620568|10|2025|255
4518531180705213|01|2031|344
4518531052151538|12|2026|876
4518533857723131|03|2029|060
4518537312763137|03|2027|621
4518536312421118|06|2028|891
4518538385218058|02|2030|832
4518534644145513|06|2029|585
4518535313774038|02|2025|090
4518534780866252|07|2029|937
4518534630188071|03|2027|073
4518532258526374|02|2030|840
4518531013012134|10|2030|354
4518534254882447|01|2028|517
4518537615740188|03|2026|052
4518532248447822|06|2032|505
4518530436427812|01|2032|781
4518538112157512|07|2025|188
4518538337010447|01|2030|652
4518537873107468|10|2029|711
4518533075205168|07|2029|610
4518535653427866|06|2027|932
4518532580501400|06|2028|784
4518532428355357|01|2024|063
4518538687181111|01|2029|680
4518538580150411|04|2028|205
4518531552034630|08|2024|186
4518530433452417|12|2029|931
4518530661501620|10|2032|120
4518533013186470|09|2025|256
4518532442013180|10|2026|556
4518534538882320|06|2030|593
4518535110276005|04|2029|919
4518537602385088|01|2028|079
4518535206274740|08|2024|221
4518530564638446|08|2032|166
4518534823088823|07|2032|487
4518530060567636|09|2030|233
4518531101266550|11|2031|522
4518531581081677|02|2026|296
4518532247770067|01|2032|985
4518538227618077|04|2032|186
4518538122133651|06|2026|425
4518530484351211|07|2027|963
4518532776707571|08|2026|773
4518535412218127|01|2027|599
4518533657372147|01|2027|096
4518530541431402|12|2026|713
4518530077345745|05|2030|586
4518533858715516|01|2030|332
4518534620622212|07|2030|824
4518538655628101|05|2024|046
4518538736132131|04|2027|320
4518530603086540|11|2029|054
4518536255786881|03|2028|132
4518532251774740|03|2028|700
4518534012602160|01|2032|239
4518530521247323|11|2024|111
4518538802527560|09|2026|557
4518534203147488|02|2025|496
4518533386462714|12|2030|012
4518533310766578|04|2028|451
4518532730675351|10|2026|946
4518533705457205|10|2030|176
4518532510573727|02|2031|804
4518531858478275|11|2031|718
4518534838512353|07|2024|403
4518532361336836|04|2029|342
4518534202215427|01|2032|420
4518533133380326|03|2026|774
4518531535500277|12|2030|589
4518533725475203|01|2030|130
4518533357343125|03|2027|985
4518532101254661|07|2026|725
4518536831854443|01|2026|380
4518533800088525|04|2024|370
4518538850438736|12|2032|283
4518537044602066|04|2026|895
4518535232078776|02|2027|142
4518533665317464|06|2031|488
4518531032830540|01|2031|779
4518536873051387|10|2032|570
4518530671540022|12|2030|060
4518532748022448|11|2030|316
4518537702371814|10|2031|102
4518535552248736|09|2032|653
4518531350580032|10|2028|537
4518531552760325|05|2030|390
4518538221801844|12|2029|345
4518534806872037|02|2028|810
4518534257227210|11|2025|735
4518531178105046|11|2025|394
4518531137213741|01|2025|289
4518533408225016|11|2032|158
4518537772856355|03|2026|231
4518538087721243|12|2028|273
4518530335837277|06|2028|699
4518533364215142|01|2031|345
4518533075441003|01|2026|639
4518531015845010|08|2028|674
4518530338861738|11|2029|410
4518534254551075|04|2029|411
4518532716718316|11|2024|074
4518532688571636|02|2030|434
4518534405356143|10|2026|451
4518534033100434|10|2027|842
4518536556515625|02|2030|742
4518536434387080|10|2026|931
4518538658833880|03|2027|144
4518530178130657|11|2025|262
4518537320566050|02|2028|397
4518531718468565|05|2027|516
4518533311416256|06|2025|481
4518536060723830|07|2027|575
4518538236511438|08|2024|230
4518536114170053|12|2030|022
4518537184538583|07|2028|946
4518538542420530|02|2029|127
4518531826341274|12|2031|003
4518537164255711|09|2027|295
4518536145525846|07|2028|274
4518530034657174|11|2030|331
4518530466276204|10|2032|175
4518536837681246|01|2030|589
4518530337720208|09|2027|799
4518538668364678|03|2030|424
4518533783013805|12|2031|720
4518538460188762|08|2029|734
4518534408776586|09|2028|594
4518535361600747|09|2031|709
4518538213657410|10|2031|672
4518531518828513|06|2030|851
4518532220411572|01|2032|328
4518531444520382|12|2029|431
4518536276442365|06|2027|209
4518531304333827|09|2032|243
4518534374302318|05|2030|018
4518538128243207|01|2030|076
4518534310481325|01|2032|221
4518530500301687|01|2028|138
4518531266376822|05|2031|962
4518535577766258|06|2029|883
4518533066007508|08|2031|046
4518536550446124|11|2031|989
4518538476747270|07|2030|568
4518536045310307|01|2029|388
4518537207280320|08|2032|169
4518534136221285|01|2027|820
4518535251436475|03|2029|770
4518530572764150|01|2030|414
4518533401534125|11|2031|912
4518531317214485|03|2027|252
4518531408116540|02|2026|419
4518531164537400|11|2030|140
4518538625614280|12|2024|480
4518530652570758|09|2027|800
4518531351328134|04|2030|551
4518534514364855|02|2026|101
4518532362813023|07|2032|097
4518535054375672|04|2024|013
4518534771263634|05|2031|668
4518538503012771|07|2028|287
4518536643664501|04|2032|343
4518538858434240|05|2025|780
4518530636043450|05|2029|858
4518537754475315|11|2026|276
4518534124425765|10|2027|560
4518533345516121|07|2031|970
4518530481663360|05|2027|185
4518538027536438|06|2024|544
4518532830821566|04|2032|519
4518537538277755|12|2029|637
4518535353767462|10|2028|007
4518534671224538|06|2025|789
4518533437400242|02|2026|665
4518532500185177|04|2024|497
4518532780538111|06|2026|964
4518535286745148|07|2030|330
4518531450457362|01|2025|651
4518538408352801|03|2026|188
4518537422006864|09|2024|440
4518533786858024|09|2030|031
4518533262225755|04|2032|329
4518532264578823|06|2031|410
4518538178712275|07|2032|439
4518530075285703|01|2026|747
4518535455311201|07|2027|791
4518532867375544|11|2029|650
4518535284551522|02|2031|607
4518535001328873|01|2028|482
4518536685272635|04|2029|753
4518537756715304|02|2024|463
4518532150475365|10|2029|127
4518535485745576|11|2027|860
4518530568483732|07|2031|807
4518530113743028|06|2032|479
4518530200253667|10|2024|895
4518535650574017|01|2031|986
4518531117626375|05|2024|082
4518535883802557|07|2028|116
4518531124823528|11|2024|269
4518537371843770|06|2029|449
4518532145187745|07|2027|132
4518536256263864|02|2029|802
4518534427284760|07|2025|094
4518538071641860|01|2032|349
4518538540053861|07|2025|439
4518535478706080|08|2025|132
4518537641204837|05|2029|959
4518535220535621|02|2031|836
4518535386237442|12|2030|070
4518536233371152|03|2024|513
4518536348844150|07|2026|537
4518535670454273|06|2031|227
4518533522780706|02|2031|330
4518538537510287|05|2032|772
4518533060737621|10|2032|915
4518530677008248|07|2025|355
4518532778222025|08|2027|835
4518536252826862|07|2028|906
4518530152450113|07|2031|800
4518532554608140|11|2028|186
4518536652740408|04|2029|637
4518534244531518|10|2025|733
4518536610670705|12|2031|844
4518532585800088|01|2027|961
4518537387478561|02|2025|661
4518533263521228|03|2027|130
4518530487647342|01|2030|911
4518536658586003|02|2032|760
4518536068724566|08|2030|082
4518530316835316|12|2025|407
4518536327053310|02|2030|479
4518536035444033|02|2027|670
4518531587801300|04|2032|832
4518531156437155|02|2028|668
4518532545204421|07|2025|549
4518531580263060|01|2031|769
4518531558803111|02|2030|350
4518532833168387|08|2025|673
4518536212283386|04|2024|131
4518536416822773|11|2024|933
4518533853424726|09|2029|955
4518532401378673|12|2026|550
4518535420811707|10|2024|113
4518531180666068|05|2029|048
4518536337100606|03|2026|261
4518538104751744|04|2027|620
4518530286360204|05|2025|456
4518531284071751|02|2028|470
4518537013224611|04|2029|544
4518532634522741|02|2028|103
4518535510281233|05|2030|684
4518534564626617|06|2027|609
4518536562708081|04|2032|643
4518535163545843|05|2029|289
4518536503330045|02|2026|950
4518538271334340|02|2029|900
4518530537785837|07|2024|562
4518531555206102|09|2027|743
4518536011862422|10|2030|411
4518537750085324|04|2031|027
4518534163157048|10|2032|477
4518536726875818|10|2029|019
4518530123283627|09|2027|582
4518533134757373|01|2030|826
4518535546071806|06|2027|870
4518537850422047|01|2031|704
4518532808104458|10|2025|757
4518531863612314|06|2032|548
4518534541632423|03|2029|791
4518537745657112|12|2030|710
4518531401238820|05|2031|461
4518531643741201|04|2025|302
4518530876827406|10|2030|121
4518533070647257|05|2029|649
4518536107707184|12|2027|972
4518531581183853|10|2024|354
4518532364252733|09|2028|788
4518535588720286|10|2027|334
4518530872126100|05|2030|216
4518537512586403|11|2026|612
4518534231024006|09|2024|705
4518534212607183|12|2024|690
4518530483122555|10|2027|926
4518533522511234|07|2032|031
4518534718881027|02|2030|547
4518537674236615|12|2031|272
4518532103775523|08|2031|248
4518535344653052|06|2028|094
4518531667682562|03|2027|623
4518537706342456|12|2030|216
4518531282043422|11|2027|420
4518534883803384|04|2031|120
4518534062075275|07|2030|736
4518538876353232|02|2031|411
4518538511658110|08|2029|092
4518532005480107|09|2027|714
4518537717665036|06|2030|752
4518533375432652|01|2027|824
4518533371111714|08|2027|999
4518532570465731|05|2025|213
4518535402154100|09|2024|241
4518532305278300|10|2029|050
4518538035435615|12|2028|072
4518532553745828|01|2027|468
4518534047000810|05|2025|873
4518534377646281|11|2025|103
4518531132078156|09|2030|855
4518533237848624|12|2030|981
4518537107465542|05|2027|875
4518538835444023|10|2031|840
4518536553534520|07|2030|987
4518538608825473|08|2030|535
4518536422041723|06|2031|287
4518530184320276|08|2028|120
4518532534366827|06|2024|752
4518533817762062|11|2026|759
4518535161105616|08|2026|408
4518534100501035|04|2030|356
4518532061531835|02|2024|423
4518536488252602|11|2026|581
4518533427807133|06|2029|363
4518530411542122|10|2032|600
4518532542673560|07|2029|209
4518535832632121|11|2032|915
4518536153383138|01|2030|895
4518536511606436|06|2029|029
4518533715130750|02|2031|353
4518535464546615|05|2030|272
4518531077717255|12|2030|288
4518535757566742|09|2028|448
4518533715350721|08|2027|313
4518532342623823|12|2028|850
4518533853811732|07|2024|174
4518537002432571|11|2029|528
4518535705653485|09|2028|820
4518536727122608|06|2024|770
4518538617248865|04|2025|299
4518538823607672|06|2029|601
4518532887232683|01|2030|752
4518535348857527|05|2027|902
4518538117216388|10|2028|537
4518535177488261|04|2029|228
4518532705062627|04|2025|419
4518534813615874|10|2027|012
4518531607435782|11|2027|056
4518532382438074|03|2025|448
4518534021742510|12|2028|764
4518533808555764|11|2027|932
4518537473108353|12|2025|466
4518535400721538|03|2030|549
4518538114420520|06|2029|712
4518538437346774|11|2031|711
4518537807835630|12|2032|365
4518532126764637|06|2029|874
4518535535218541|11|2032|333
4518534036185846|10|2028|151
4518531177610137|04|2027|635
4518538786478566|06|2027|194
4518530772076884|09|2025|766
4518530675571478|10|2027|265
4518531580200716|05|2026|750
4518533268841035|08|2031|556
4518536865714141|04|2024|758
4518538824408781|02|2028|967
4518532720004711|11|2031|548
4518532472823664|04|2025|020
4518531874616080|07|2028|332
4518534132333738|02|2029|681
4518536258881531|12|2028|555
4518536702870361|09|2024|495
4518534860572762|05|2029|468
4518536052587078|12|2032|675
4518537282313756|01|2029|188
4518535520116577|08|2027|183
4518532001238772|11|2029|191
4518533176400668|07|2029|181
4518537643401662|03|2029|408
4518534350405440|11|2026|738
4518536165471400|02|2027|789
4518530867513338|06|2026|447
4518532446836040|06|2030|011
4518537543233314|01|2027|378
4518532654855583|02|2027|696
4518531187416137|08|2027|024
4518530573128801|07|2027|145
4518534672278715|11|2026|420
4518532621616613|11|2029|100
4518530000765126|02|2026|432
4518530766180627|09|2027|113
4518536428000210|01|2025|240
4518536814557542|08|2027|083
4518530713221672|03|2030|945
4518536843200841|09|2028|046
4518532014544273|01|2032|057
4518530616358530|05|2030|378
4518533455821170|07|2024|352
4518530223131254|08|2030|059
4518531847083202|01|2026|259
4518535548882770|04|2031|264
4518537404863860|05|2025|728
4518531874528855|04|2032|307
4518532222624347|03|2032|659
4518533067625522|02|2031|038
4518538128733041|02|2032|025
4518531021036331|04|2030|299
4518536812523512|06|2024|458
4518530652762157|02|2025|903
4518538062558388|01|2027|482
4518531054775227|04|2031|735
4518530117287162|11|2030|392
4518535700756176|08|2024|997
4518537013242126|01|2027|607
4518536421748823|11|2025|730
4518536850503723|07|2024|591
4518534177010811|05|2028|448
4518531616120532|10|2029|345
4518530308702128|12|2026|169
4518533385602724|08|2030|647
4518533460132381|02|2025|472
4518533545841741|06|2031|140
4518536468037882|09|2024|217
4518530684387486|05|2030|969
4518530002261017|09|2031|919
4518538113763367|08|2026|327
4518536555420611|10|2029|434
4518530346223822|09|2025|724
4518538413024387|09|2025|606
4518531810418575|01|2024|412
4518537835772003|06|2030|515
4518532885250018|03|2024|334
4518533464683348|08|2026|167
4518537247547787|07|2028|005
4518532373122141|12|2024|408
4518536300463213|06|2030|337
4518537003550462|08|2029|207
4518531545828023|01|2028|574
4518532733661424|06|2032|141
4518538661400743|09|2029|073
4518536427750880|01|2028|933
4518535511554877|02|2024|882
4518537868438365|01|2025|652
4518533213688325|05|2027|139
4518538147365171|08|2025|907
4518537123510230|03|2029|646
4518530087842632|10|2025|205
4518535265604738|04|2027|306
4518534600245117|05|2026|903
4518534845312383|06|2024|585
4518532188812258|11|2028|356
4518538523818728|11|2030|250
4518537847486832|05|2025|196
4518531830813532|09|2031|711
4518535548602814|02|2029|191
4518534827172284|07|2027|992
4518536861582716|06|2027|056
4518537407435773|10|2028|231
4518533823015752|06|2032|458
4518533041168276|05|2032|989
4518534300487365|07|2028|704
4518537005173552|01|2024|369
4518531526362851|03|2024|476
4518532166741347|09|2030|673
4518538488530151|08|2024|600
4518531872670683|01|2031|408
4518533744476653|09|2027|375
4518532260707517|03|2026|782
4518531206074800|06|2031|665
4518538137371833|11|2029|750
4518538420745768|04|2026|146
4518532030860547|05|2031|243
4518535374413310|10|2028|429
4518532072578254|12|2032|529
4518536618363261|11|2029|725
4518530826768833|06|2032|291
4518534365773386|06|2026|029
4518531021543138|02|2031|368
4518530452472833|11|2029|050
4518533515347174|09|2031|286
4518536245876420|08|2031|994
4518537788285763|02|2031|458
4518533380321866|01|2027|341
4518536575237557|06|2025|096
4518534376408550|12|2030|602
4518532605186401|03|2032|626
4518537686288711|09|2031|862
4518537063707085|08|2031|127
4518530743487236|05|2026|169
4518538631715311|09|2029|395
4518531572256346|02|2026|328
4518535851188146|04|2027|637
4518530851863640|01|2031|305
4518537111863815|09|2031|806
4518532224331875|11|2024|383
4518538467528614|06|2030|032
4518536138545843|03|2031|586
4518538606215701|10|2025|546
4518537636353102|06|2025|450
4518534334856627|02|2026|146
4518531681251055|07|2024|924
4518531026637422|07|2027|122
4518530432283011|09|2024|555
4518530102556118|08|2027|022
4518531513718164|09|2028|081
4518534040602711|01|2027|395
4518531012062668|06|2030|678
4518536758111785|10|2026|297
4518538242013148|05|2027|641
4518532112362180|12|2026|615
4518536663518330|07|2027|614
4518530548485377|12|2026|660
4518531175728022|01|2024|763
4518537778263804|05|2030|793
4518538058346525|05|2029|316
4518535753142480|08|2026|910
4518536764558748|08|2026|577
4518534146714758|11|2024|057
4518537750124586|07|2032|398
4518532765215578|11|2030|520
4518537820507208|05|2030|688
4518534527415041|11|2025|261
4518536861612851|10|2030|145
4518535444404786|11|2028|603
4518537013004880|11|2025|830
4518537207610286|02|2025|066
4518538251815706|08|2024|205
4518533217668505|09|2030|689
4518534313410370|12|2027|561
4518538346674431|12|2032|930
4518534703762703|01|2026|604
4518531645557381|10|2032|911
4518534471165204|06|2024|210
4518537510081621|02|2024|392
4518538800104610|01|2025|898
4518536125032128|02|2026|049
4518533828355013|10|2032|520
4518534616275520|01|2025|548
4518536548174143|12|2029|790
4518536851406827|05|2031|673
4518537381657806|02|2025|989
4518531846257708|02|2029|462
4518530062813855|08|2027|821
4518538842648178|06|2031|227
4518534861300320|07|2030|285
4518531305722655|03|2026|999
4518531884422370|12|2030|180
4518534077363237|08|2030|259
4518536236785325|03|2024|290
4518532122220618|03|2024|431
4518537876403146|06|2031|580
4518534432877806|08|2028|742
4518532168362803|08|2025|324
4518538581480775|07|2024|568
4518535153810371|03|2025|935
4518536263311714|03|2027|022
4518537638332666|04|2031|066
4518537445184318|11|2026|510
4518537842364018|10|2030|776
4518533005885881|04|2031|976
4518535782801106|05|2031|541
4518533204250168|11|2025|706
4518530510253431|08|2025|816
4518534120471276|06|2032|887
4518533742773846|01|2032|656
4518535170503876|10|2032|143
4518537833055450|06|2032|757
4518530824788460|09|2028|387
4518532515285137|04|2026|495
4518533258433173|09|2027|775
4518538132013042|11|2030|480
4518538300311822|05|2030|081
4518533252868861|07|2024|034
4518537624278725|05|2030|178
4518536884748443|01|2031|819
4518537363264563|01|2028|521
4518535572743617|12|2025|113
4518537037811732|10|2030|767
4518537060473335|09|2028|429
4518536403056880|04|2026|765
4518532508226650|02|2030|815
4518533435721557|02|2030|431
4518533300744171|01|2029|771
4518534137364522|09|2024|388
4518532527424856|08|2029|166
4518531328354411|01|2027|559
4518536634844641|04|2028|035
4518536373104025|07|2030|854
4518537766503005|03|2030|176
4518538203364308|06|2026|614
4518530620776230|04|2032|622
4518533548731253|02|2029|996
4518535775545751|02|2031|979
4518536354501546|06|2026|803
4518534162254556|11|2030|614
4518530761107583|04|2029|645
4518531168613470|06|2025|383
4518536814017828|10|2027|353
4518535874658554|03|2026|088
4518531430075060|07|2028|139
4518534786104823|05|2027|029
4518535584705620|10|2026|595
4518538761223037|08|2024|491
4518535468176336|03|2028|146
4518535708552346|12|2028|841
4518532161146617|12|2024|723
4518536548703230|05|2025|809
4518533875447721|01|2026|669
4518530174144355|05|2024|527
4518533627721365|04|2029|259
4518535264542061|07|2025|053
4518538305561207|02|2027|934
4518534663503816|08|2027|162
4518534670704126|07|2031|144
4518536376883518|05|2027|197
4518530866062568|09|2028|919
4518534113622570|08|2031|049
4518531308000422|09|2031|737
4518538845308424|02|2031|626
4518534074466801|01|2027|548
4518536858175375|05|2024|605
4518537512023688|03|2032|248
4518537003302567|05|2026|854
4518537522583564|07|2026|924
4518537580182101|05|2026|758
4518536183115617|04|2032|225
4518538101143812|02|2029|315
4518530437364717|07|2025|108
4518537080277757|09|2032|535
4518530218707787|04|2031|981
4518538166328688|02|2024|792
4518530817337226|10|2028|228
4518535701310155|03|2026|789
4518535246018040|09|2031|427
4518532323306182|03|2031|616
4518534532825663|03|2030|945
4518537332627841|04|2030|803
4518537827157783|12|2027|107
4518530136767731|02|2028|079
4518538022163311|08|2025|565
4518536324257666|06|2029|680
4518538413870508|09|2027|345
4518537306548270|06|2030|536
4518537607410451|02|2028|816
4518531734515068|06|2032|898
4518537758388035|04|2024|745
4518535711550501|08|2027|011
4518531132743775|07|2032|139
4518531226712256|08|2028|647
4518532264800227|08|2024|341
4518531808182431|01|2024|725
4518537852183647|02|2027|148
4518536444272447|09|2026|609
4518531728178212|12|2028|038
4518532628305848|12|2029|701
4518530351730638|05|2031|094
4518538624125742|12|2032|368
4518530852136012|05|2031|424
4518536001248343|02|2029|009
4518533603172625|10|2032|772
4518536478234156|03|2027|229
4518535016567820|02|2026|407
4518537888818463|05|2029|909
4518537462888551|08|2030|625
4518530004327576|12|2031|945
4518534042153804|02|2024|177
4518534847447716|03|2030|703
4518531778031600|09|2031|583
4518535374160184|09|2028|324
4518536836155200|02|2030|542
4518533225546727|11|2027|242
4518534470214425|04|2030|209
4518530577741583|03|2025|218
4518532707217203|05|2027|814
4518530474137018|10|2025|645
4518531488342743|05|2025|413
4518531656463867|11|2028|631
4518537284223425|02|2026|011
4518538685438760|07|2024|038
4518534388002417|01|2024|015
4518537133135424|09|2025|885
4518538203146887|02|2025|761
4518534868552212|09|2028|545
4518531384844875|11|2031|976
4518531541433224|01|2029|186
4518534863725375|03|2032|614
4518530678672422|10|2031|581
4518531511374457|02|2032|015
4518538531445258|01|2029|378
4518538258040464|09|2029|228
4518536526253471|09|2026|449
4518537540782081|10|2032|691
4518530811428245|05|2025|968
4518535481837310|01|2025|116
4518533102255434|08|2026|783
4518534741442615|03|2028|227
4518531374866276|12|2029|542
4518533172520303|06|2030|258
4518537124831247|07|2024|963
4518538132042173|09|2026|644
4518537464686045|04|2025|463
4518536321584641|01|2031|144
4518532231643817|02|2032|374
4518531380647546|02|2032|014
4518532305372038|04|2026|018
4518531307412750|07|2030|595
4518532523700531|08|2030|183
4518533513767464|05|2030|693
4518530774511201|04|2026|585
4518530058147227|03|2027|625
4518531587210361|12|2024|692
4518531284251882|10|2024|127
4518535004357531|07|2027|190
4518534273185566|02|2031|449
4518533685445402|04|2030|082
4518538525103277|02|2025|592
4518534688083620|09|2027|010
4518537003722418|09|2030|597
4518531268061125|08|2028|296
4518536381116524|12|2030|751
4518531778674383|03|2032|139
4518535286685435|03|2025|990
4518535758730230|09|2026|501
4518534447381604|02|2026|567
4518534768548534|06|2031|671
4518533331410552|10|2029|479
4518538373573662|09|2032|470
4518537848686265|08|2032|007
4518536205120710|08|2030|866
4518538525766222|09|2030|398
4518535502121066|11|2024|935
4518533221511881|08|2025|787
4518532521232420|05|2032|881
4518533875607613|02|2029|973
4518532061758404|06|2027|225
4518535271074710|09|2027|276
4518535885535288|08|2025|298
4518532002713575|02|2028|219
4518530340401887|11|2027|490
4518535872823358|05|2031|567
4518537258144128|07|2025|004
4518537107701508|12|2030|314
4518531682854188|11|2027|268
4518534213511442|08|2032|580
4518532660315275|05|2025|678
4518538038235228|04|2030|354
4518535063865747|06|2030|233
4518536245735766|12|2025|852
4518532513701408|10|2028|901
4518538512101102|05|2030|850
4518531064205603|04|2030|470
4518531351766721|01|2025|477
4518534623583775|01|2028|406
4518535483013811|08|2026|126
4518534447164018|03|2025|616
4518532408861416|06|2025|658
4518532267455367|02|2027|071
4518537167411634|09|2026|109
4518538260472135|09|2028|659
4518538371842408|08|2032|053
4518531083551482|07|2030|761
4518537564372215|02|2027|181
4518535628777817|10|2025|541
4518532503165176|11|2031|206
4518536042826313|11|2027|755
4518535878618133|04|2029|898
4518531005621785|12|2024|233
4518537520433853|03|2030|308
4518536110381274|11|2026|173
4518538077311245|01|2025|943
4518530368283357|11|2026|613
4518538641680083|02|2024|579
4518530271282702|03|2029|677
4518533203373086|06|2028|655
4518537410622250|02|2024|883
4518534654343818|12|2032|635
4518534342170441|10|2027|992
4518533544282210|12|2027|829
4518536326300837|10|2027|191
4518535524601814|10|2030|499
4518530072006672|09|2025|521
4518533346307751|01|2030|252
4518534037081275|01|2032|201
4518531011135077|02|2024|164
4518535830620185|01|2031|878
4518537058887017|04|2032|065
4518533328064735|03|2027|158
4518532156801044|09|2028|358
4518530268567222|04|2031|918
4518538030616086|12|2032|703
4518531485357173|10|2027|214
4518538481760250|04|2030|079
4518536063514715|02|2031|020
4518532205202673|08|2031|463
4518530166186323|03|2032|693
4518538856357807|10|2032|749
4518538866223320|02|2031|624
4518532336726160|10|2031|936
4518537068780301|11|2024|913
4518535523758532|11|2028|760
4518530606544230|01|2028|496
4518534618458561|11|2030|090
4518532861660867|09|2025|991
4518534711336110|12|2025|785
4518534310010058|06|2031|235
4518531717574777|05|2030|551
4518532578728007|12|2031|414
4518534821823346|09|2025|290
4518531073223506|01|2027|445
4518536861350841|01|2027|438
4518533833824318|07|2032|900
4518535350566685|04|2030|798
4518538301603342|04|2032|172
4518537668528506|06|2024|271
4518537513443166|12|2031|076
4518538788561674|09|2032|723
4518533547640224|10|2029|543
4518532411751653|03|2029|709
4518536714080181|07|2031|062
4518537753624574|11|2025|285
4518536306333287|02|2028|817
4518536278146360|02|2031|591
4518535818154652|01|2024|108
4518537217470788|03|2025|308
4518533431731410|01|2026|000
4518538725554618|07|2027|949
4518538773313214|08|2026|054
4518537412270041|10|2025|667
4518533055500737|11|2027|223
4518532063614456|12|2025|649
4518536770652022|05|2031|000
4518538263678860|03|2031|100
4518536440242345|12|2027|684
4518536820101376|06|2025|698
4518530627227161|12|2030|960
4518531838585132|03|2028|953
4518533185254460|11|2026|702
4518533675660622|04|2027|061
4518534840032424|08|2028|481
4518533826174424|10|2028|856
4518538533041527|02|2026|156
4518532488512152|02|2030|338
4518533846425442|03|2026|429
4518530853121104|12|2024|686
4518530174827637|08|2025|876
4518530217411571|11|2032|059
4518537532215314|01|2024|647
4518534082087573|04|2024|389